Phnom Penh:-10.800000,72.300000,24227,28.310587
Melbourne:-23.900000,57.800000,24148,15.120793
Vaduz:-31.500000,48.500000,23958,10.044924
Gagnoa:-13.300000,62.400000,24102,26.003635
Chișinău:-32.100000,51.200000,23936,10.264894
San Salvador:-15.700000,61.100000,24311,22.973296
Johannesburg:-23.100000,58.000000,24151,15.530839
Havana:-16.900000,61.400000,23983,25.291819
Lusaka:-20.700000,61.700000,23899,19.984363
Las Vegas:-18.500000,60.900000,24041,20.267543
Dublin:-28.800000,49.200000,24260,9.785379
Novosibirsk:-39.600000,44.100000,24284,1.744165
Conakry:-10.900000,66.000000,24113,26.434313
Los Angeles:-28.700000,56.200000,24175,18.820616
Tampa:-15.500000,59.900000,24250,22.942025
Assab:-11.000000,71.500000,24051,30.399663
Ngaoundéré:-16.400000,62.800000,24156,21.967818
Hat Yai:-17.400000,68.000000,24180,27.015248
Las Palmas de Gran Canaria:-19.200000,60.000000,24353,21.220868
Odienné:-22.500000,64.500000,24384,25.943922
Toamasina:-16.600000,59.100000,24184,23.330983
Anchorage:-42.200000,39.600000,24345,2.768868
Belgrade:-32.000000,51.500000,24510,12.455598
Banjul:-19.900000,62.600000,24139,26.033655
Tijuana:-18.400000,58.500000,24016,17.773718
Chiang Mai:-12.600000,63.400000,24372,25.780551
Bouaké:-14.300000,66.500000,24057,26.024488
Garoua:-20.800000,67.100000,23926,28.247229
Palmerston North:-27.900000,51.600000,24340,13.209523
Zanzibar City:-13.100000,65.100000,24401,26.097734
Upington:-18.400000,64.400000,24213,20.444910
Indianapolis:-33.500000,52.400000,23860,11.874749
Cairns:-17.500000,64.300000,24165,24.959143
Karachi:-11.700000,69.800000,24191,25.959580
Tripoli:-18.100000,61.300000,24231,19.964001
Bishkek:-30.000000,52.700000,24294,11.335914
Bratislava:-29.300000,47.000000,24193,10.504559
Albuquerque:-30.000000,50.500000,24344,13.965979
Belize City:-15.200000,68.700000,24438,26.698302
Thiès:-20.300000,67.900000,24400,24.086615
Parakou:-11.300000,69.200000,24110,26.820095
Baku:-23.600000,52.600000,24333,15.129910
Toronto:-26.500000,54.900000,24007,9.444283
Guatemala City:-19.000000,58.600000,24112,20.428712
Tunis:-21.900000,56.300000,24426,18.405453
Medan:-11.300000,66.500000,24346,26.492253
Beijing:-27.100000,54.700000,24181,12.938931
Kuwait City:-16.400000,65.400000,24006,25.711818
Busan:-31.200000,51.500000,24067,15.082383
Veracruz:-16.500000,69.600000,24157,25.423347
Kunming:-22.200000,55.300000,24010,15.669979
Zagreb:-28.500000,48.000000,24267,10.685132
Dili:-12.900000,64.100000,24198,26.626796
Aden:-11.600000,66.400000,24349,29.122178
Ottawa:-34.600000,44.700000,24346,6.495646
Boise:-27.400000,55.100000,24381,11.431602
Dikson:-58.200000,33.300000,24085,-11.019643
Launceston:-26.400000,52.300000,24605,13.025804
Yellowknife:-42.100000,34.400000,24216,-4.247613
Port Sudan:-11.600000,68.200000,24194,28.453513
Naha:-19.100000,60.400000,24108,23.048212
Halifax:-29.800000,45.800000,24233,7.599208
Mexicali:-12.900000,61.700000,24327,23.037744
Pretoria:-19.000000,56.900000,24163,18.305008
Mango:-17.500000,69.900000,24310,28.122916
Whitehorse:-42.600000,41.500000,24309,-0.072323
Bamako:-10.200000,69.500000,24249,27.764984
Roseau:-11.400000,67.900000,24243,26.116161
Berlin:-27.100000,52.200000,24242,10.321384
Perth:-26.500000,58.400000,23989,18.670257
Dodoma:-15.400000,62.800000,24216,22.768541
Tashkent:-29.200000,54.500000,24254,14.890604
Fresno:-19.800000,62.600000,24105,17.951375
Sana'a:-22.200000,66.000000,24313,20.024871
Barcelona:-27.200000,57.600000,24182,18.231474
Kolkata:-11.800000,68.600000,24093,26.657220
Dallas:-17.300000,62.100000,24277,18.979606
Miami:-11.900000,63.700000,24340,24.899823
Lodwar:-5.200000,67.900000,24165,29.302028
Vienna:-26.900000,53.600000,23963,10.624922
Bissau:-10.800000,62.700000,24153,27.001486
Luxembourg City:-37.600000,50.300000,24246,9.367467
Napoli:-22.300000,53.400000,24488,15.934833
Ulaanbaatar:-38.500000,39.300000,24217,-0.459120
New Delhi:-17.600000,60.100000,24256,24.967513
Tabora:-21.100000,64.300000,23927,22.919267
Gjoa Haven:-52.100000,27.800000,24204,-14.433416
N'Djamena:-12.100000,67.000000,24243,28.330739
Kinshasa:-14.100000,66.200000,24132,25.309017
Petropavlovsk-Kamchatsky:-38.100000,45.500000,24394,1.854448
Xi'an:-24.600000,53.900000,24307,14.111581
Pontianak:-9.700000,67.300000,23997,27.643818
Da Nang:-17.500000,69.700000,23886,25.745068
Nashville:-21.700000,58.600000,24322,15.336543
Mombasa:-15.700000,68.200000,24125,26.344394
Luanda:-17.100000,64.400000,24047,25.918526
Garissa:-17.900000,70.500000,24303,29.261252
Philadelphia:-27.300000,53.000000,24425,13.102665
Oklahoma City:-20.900000,60.600000,24115,15.866108
Dolisie:-19.500000,61.800000,24209,24.071027
Tamale:-12.000000,66.100000,24340,27.825214
Rostov-on-Don:-32.900000,49.700000,24112,9.993899
Lhasa:-38.300000,48.600000,24495,7.651014
New York City:-28.400000,52.900000,24283,12.930989
Hamilton:-27.600000,55.100000,24454,13.685565
Lomé:-11.400000,66.200000,24164,26.982313
Antananarivo:-23.700000,52.800000,24331,17.921101
Tauranga:-27.600000,63.500000,24104,14.725859
Omaha:-36.700000,47.600000,24121,10.591398
Split:-23.500000,55.300000,23942,16.094366
Adelaide:-24.800000,66.100000,23976,17.435465
Brisbane:-19.200000,66.900000,24192,21.454559
Pyongyang:-28.500000,53.000000,24349,10.771650
San Juan:-15.800000,72.300000,24324,27.260467
Ho Chi Minh City:-9.300000,66.700000,24192,27.458614
Tromsø:-38.000000,48.100000,24297,2.895148
Monaco:-31.000000,61.400000,24420,16.346253
Boston:-32.100000,49.100000,24186,10.940164
Tucson:-21.400000,57.700000,24347,20.886306
Rabat:-23.800000,54.400000,24011,17.223910
Kansas City:-26.500000,54.900000,24145,12.503139
Denver:-29.000000,58.600000,24126,10.365987
Yangon:-11.500000,64.500000,24329,27.466706
Marrakesh:-30.500000,55.000000,24345,19.556989
Kano:-11.000000,68.800000,24236,26.310918
Tirana:-19.500000,61.600000,24242,15.267556
Louisville:-25.100000,52.700000,24408,13.921436
Nicosia:-21.400000,58.500000,24314,19.764399
San Jose:-26.000000,57.700000,24077,16.440466
Mogadishu:-11.400000,67.100000,24320,27.118162
Manama:-12.100000,65.700000,24097,26.550102
Hanoi:-16.300000,61.700000,24179,23.550283
Vilnius:-31.000000,48.200000,24185,5.994133
Mexico City:-23.600000,63.100000,24318,17.563397
Chicago:-31.600000,48.300000,24323,9.889113
Heraklion:-20.300000,60.500000,24194,18.804704
Gabès:-22.500000,69.800000,24219,19.604897
Nairobi:-20.100000,61.200000,24211,17.835575
Andorra la Vella:-32.100000,52.700000,24134,9.758279
Oulu:-34.100000,43.400000,23965,2.791463
Libreville:-14.500000,68.300000,24466,25.880520
Winnipeg:-37.200000,41.100000,24269,2.878672
Jacksonville:-18.700000,63.800000,24447,20.262764
Juba:-14.000000,70.400000,24166,27.882686
Yaoundé:-16.700000,62.900000,24320,23.809030
Reykjavík:-35.700000,53.400000,24372,4.203672
Dushanbe:-24.800000,58.300000,24217,14.658005
Mandalay:-12.800000,71.900000,24323,27.950923
Athens:-19.900000,65.000000,24376,19.287094
Birao:-15.500000,65.400000,24140,26.425870
Wau:-10.900000,70.500000,24335,27.660390
Sydney:-24.000000,55.800000,24309,17.727813
Rangpur:-15.300000,65.600000,24014,24.384526
Honolulu:-18.200000,64.000000,24179,25.514103
Accra:-14.900000,69.500000,24199,26.437840
Lake Havasu City:-17.300000,67.200000,24067,23.635601
Murmansk:-37.500000,37.100000,24200,0.670806
Moncton:-34.000000,49.600000,24280,6.117694
Jakarta:-13.000000,62.200000,24198,26.715456
Ghanzi:-18.200000,60.600000,24359,21.408260
Timbuktu:-11.400000,70.200000,24378,28.030167
Tel Aviv:-21.900000,62.300000,24341,20.005973
Guadalajara:-23.700000,60.700000,24057,20.879935
Port Vila:-12.200000,65.800000,24263,24.171887
Djibouti:-17.600000,70.000000,24248,29.965956
Paris:-33.000000,52.900000,24126,12.323696
Oranjestad:-12.200000,68.500000,24141,28.017969
Milwaukee:-31.000000,47.100000,24281,8.929529
Ankara:-29.700000,60.100000,23792,12.029169
Sofia:-27.800000,49.400000,24153,10.563938
Bloemfontein:-26.700000,56.500000,23862,15.644242
Lahore:-13.400000,68.300000,24131,24.426650
Virginia Beach:-22.200000,57.000000,23858,15.759934
Thessaloniki:-23.400000,59.600000,24095,16.040100
Ouahigouya:-13.400000,70.600000,24247,28.625261
Budapest:-32.300000,52.400000,24061,11.243169
Willemstad:-13.700000,66.600000,24332,27.925251
Sacramento:-21.300000,60.900000,24291,16.358894
Salt Lake City:-24.700000,54.600000,24125,11.597753
Mzuzu:-21.400000,54.600000,23959,17.666388
Austin:-22.200000,59.100000,24360,20.713387
Porto:-26.200000,58.600000,24256,15.795312
Vladivostok:-40.000000,42.300000,24345,4.921655
Kuopio:-33.100000,41.200000,24163,3.456177
Denpasar:-11.400000,66.800000,24296,23.746185
Abidjan:-18.500000,69.600000,24038,26.026329
Odesa:-27.500000,56.100000,24334,10.640174
Gangtok:-23.500000,59.400000,24085,15.160590
Benghazi:-19.300000,61.200000,24224,20.001205
Vancouver:-29.000000,52.000000,24248,10.347229
Wrocław:-29.400000,51.000000,24235,9.603594
Mahajanga:-16.300000,73.100000,23913,26.324313
Lisbon:-26.500000,54.000000,24390,17.486470
Lyon:-29.600000,54.700000,24150,12.414037
Bridgetown:-11.400000,70.800000,24362,27.005948
Stockholm:-35.000000,44.100000,23951,6.655067
Guangzhou:-19.500000,64.600000,24313,22.484259
Tehran:-25.300000,55.500000,24325,16.897562
Lviv:-31.900000,46.600000,24449,7.852816
Damascus:-23.600000,57.900000,24363,16.892879
Alexandria:-29.100000,57.500000,24023,20.024560
George Town:-13.100000,69.900000,24055,28.015830
Maun:-20.000000,60.700000,24105,22.333707
Jayapura:-9.100000,69.400000,24041,26.973940
Dakar:-21.300000,65.200000,24140,23.949706
Batumi:-26.100000,53.700000,24263,14.017438
Seattle:-32.400000,55.900000,23956,11.357902
Toluca:-30.200000,51.900000,23881,12.426356
Malé:-11.400000,69.500000,24304,27.985994
Skopje:-24.600000,57.200000,24122,12.489134
Portland (OR):-31.400000,50.200000,24340,12.480740
Mek'ele:-14.600000,59.600000,24073,22.715752
Tegucigalpa:-15.600000,62.700000,24199,21.788900
Kingston:-12.600000,68.800000,24104,27.408360
Moscow:-33.400000,48.500000,24227,5.790560
Washington, D.C.:-29.200000,53.100000,24279,14.631377
Seoul:-24.400000,50.200000,24172,12.518228
Managua:-16.600000,68.600000,24083,27.293265
Columbus:-28.700000,54.500000,24493,11.749136
Frankfurt:-27.600000,52.100000,24174,10.557856
Warsaw:-29.900000,44.800000,23966,8.451456
Erzurum:-39.500000,49.000000,24536,5.087039
Ashgabat:-22.500000,58.000000,23949,16.930953
Makassar:-20.600000,66.000000,24508,26.721075
Riga:-31.400000,44.800000,24209,6.217105
Hong Kong:-14.500000,59.300000,24095,23.335895
Arkhangelsk:-37.000000,36.900000,24110,1.270950
Valencia:-22.100000,56.700000,24290,18.285212
City of San Marino:-32.100000,52.100000,24420,11.858735
Monterrey:-21.900000,68.600000,24332,22.327758
St. John's:-42.500000,53.900000,24273,5.039274
Pointe-Noire:-13.100000,65.000000,24113,26.190076
Bujumbura:-18.900000,63.300000,24106,23.723301
London:-33.100000,49.500000,24232,11.191949
Kyiv:-32.800000,48.900000,24220,8.503010
Bordeaux:-22.700000,53.700000,24384,14.271108
Iqaluit:-49.400000,37.200000,24238,-9.336777
Dampier:-18.500000,68.000000,23989,26.521260
Pittsburgh:-28.700000,50.100000,24139,10.684941
Ahvaz:-15.500000,66.600000,24382,25.408453
Entebbe:-19.700000,62.300000,24150,20.988186
Kabul:-30.000000,58.800000,24455,12.154721
Sarajevo:-31.700000,47.600000,24045,10.044408
Cracow:-35.900000,44.500000,24119,9.230151
Colombo:-11.300000,64.400000,24277,27.288520
Algiers:-23.800000,58.000000,24555,18.202549
Nouadhibou:-18.700000,61.300000,24203,21.306983
Edinburgh:-28.700000,49.600000,24172,9.309730
Erbil:-22.600000,61.000000,24439,19.462977
Chihuahua:-26.200000,56.000000,24222,18.628309
Cabo San Lucas:-13.000000,61.400000,24063,23.906483
Houston:-17.800000,59.700000,24423,20.863944
Bangui:-12.400000,64.400000,24111,26.124400
Suwałki:-33.200000,56.800000,24177,7.236651
Valletta:-27.600000,59.600000,24142,18.827545
Blantyre:-19.100000,60.600000,24197,22.141443
Surabaya:-8.900000,70.900000,24021,27.110628
La Paz:-17.100000,63.700000,24276,23.730446
Tokyo:-24.100000,56.100000,24207,15.520420
Antsiranana:-12.900000,68.800000,24270,25.252583
Detroit:-34.800000,48.100000,24518,9.922975
Malabo:-19.400000,62.800000,24034,26.229446
Nakhon Ratchasima:-11.300000,68.100000,24379,27.302346
Chittagong:-10.400000,70.500000,24184,25.921531
İzmir:-16.900000,56.200000,24062,17.898263
San Francisco:-25.100000,55.900000,24086,14.535697
Tallinn:-33.600000,46.900000,24127,6.323211
Durban:-19.300000,58.400000,24363,20.528461
Oslo:-30.000000,49.600000,24281,5.649421
Tabriz:-25.200000,56.800000,24071,12.596074
Burnie:-27.100000,50.500000,24406,13.115656
Hamburg:-32.600000,54.300000,24352,9.686490
Abha:-23.300000,58.200000,24111,18.056887
Hiroshima:-21.500000,57.200000,24291,16.308616
Port-Gentil:-14.000000,66.400000,24105,25.948853
Cape Town:-25.400000,57.800000,24076,16.199240
Podgorica:-20.300000,55.600000,24289,15.301849
San Diego:-21.100000,55.900000,24169,17.867868
Ouarzazate:-20.600000,62.900000,24234,18.852546
Santo Domingo:-10.400000,62.900000,24213,26.019333
Honiara:-16.300000,63.100000,24251,26.507340
Napier:-27.600000,57.800000,24057,14.524500
Rome:-27.200000,55.000000,24457,15.067424
Asmara:-25.000000,54.200000,24081,15.605033
Copenhagen:-28.400000,48.700000,23998,9.101567
Fairbanks:-44.800000,42.700000,24572,-2.357606
Reggane:-11.300000,70.100000,24098,28.351469
Almaty:-29.600000,50.100000,24338,10.043903
Chongqing:-19.800000,59.300000,24563,18.582140
Saint Petersburg:-33.700000,49.500000,24081,5.664869
Sapporo:-30.500000,52.500000,24267,8.971311
Kuala Lumpur:-9.800000,67.600000,24361,27.344173
Lake Tekapo:-37.300000,48.100000,24232,8.731223
Hargeisa:-20.800000,66.000000,24263,21.750830
Edmonton:-36.800000,43.700000,24253,3.988022
Irkutsk:-40.500000,51.900000,24377,1.026057
Phoenix:-13.100000,62.300000,24072,23.927916
Kankan:-18.800000,70.700000,24287,26.445510
Alexandra:-36.100000,57.500000,24177,11.070282
Astana:-35.100000,47.400000,24108,3.598345
Muscat:-9.800000,66.600000,24323,27.995017
Mumbai:-16.800000,66.600000,24219,27.118407
Kandi:-12.700000,67.900000,24414,27.734394
Ürümqi:-33.800000,44.400000,24304,7.396564
Prague:-29.000000,47.100000,24323,8.432599
Bosaso:-23.700000,71.300000,24377,29.918107
Lagos:-14.300000,66.300000,24213,26.670144
Baguio:-18.300000,63.400000,24250,19.502565
Suva:-11.800000,68.300000,24290,25.406538
Nouakchott:-20.200000,65.600000,24220,25.614818
Kathmandu:-24.800000,57.100000,24245,18.363019
Karonga:-17.800000,70.300000,24354,24.360729
Milan:-24.900000,52.800000,24210,12.820297
Atlanta:-25.100000,58.700000,24157,16.990019
Saint-Pierre:-34.400000,48.400000,24055,5.695381
Yakutsk:-50.300000,34.900000,23897,-8.889986
Palm Springs:-13.400000,62.800000,24395,24.489588
Villahermosa:-13.700000,70.800000,24140,27.068848
Hobart:-24.700000,54.600000,24209,12.854294
El Paso:-23.500000,58.400000,24537,18.081090
Livingstone:-27.000000,61.200000,24615,21.776933
Marseille:-26.300000,56.000000,24074,15.821027
Cairo:-17.100000,60.500000,24055,21.449424
Anadyr:-43.600000,34.800000,24530,-6.889535
Calgary:-35.300000,44.400000,24454,4.436096
Seville:-18.800000,59.500000,23827,19.270458
Amsterdam:-25.900000,47.700000,24314,10.250263
Dar es Salaam:-17.600000,67.300000,24290,25.840403
Panama City:-14.700000,77.200000,23968,27.899741
Manila:-14.500000,68.000000,24027,28.386869
Addis Ababa:-22.700000,55.900000,24100,16.019747
Da Lat:-21.200000,59.100000,24087,17.865388
Brazzaville:-18.100000,63.800000,24246,25.034496
Sokoto:-19.300000,65.500000,24310,27.955886
Nassau:-16.700000,66.600000,24295,24.576987
Ljubljana:-31.600000,50.200000,24427,10.944418
Brussels:-32.600000,52.900000,24422,10.473282
Fukuoka:-35.000000,54.200000,24347,17.120549
Ségou:-13.800000,67.500000,24325,27.984132
Zürich:-28.300000,49.000000,24262,9.268210
Khartoum:-11.000000,75.700000,24202,29.804157
Helsinki:-33.700000,47.000000,24094,5.824961
Maputo:-17.500000,65.700000,24491,22.780515
Fianarantsoa:-30.200000,58.100000,24374,17.962152
Dubai:-10.800000,69.900000,23925,27.053392
Auckland:-27.300000,55.100000,24166,15.276740
Nuuk:-38.500000,37.500000,24412,-1.326352
Toliara:-14.400000,64.100000,24150,24.126083
Tbilisi:-26.400000,51.500000,24274,12.903745
Ouagadougou:-9.600000,66.800000,23747,28.360723
Canberra:-26.900000,56.800000,24156,13.047885
Darwin:-12.500000,67.300000,24166,27.590317
Bucharest:-25.600000,54.600000,24205,10.936538
Kumasi:-17.400000,64.100000,24396,25.969048
Douala:-18.100000,64.800000,24345,26.778336
Jos:-20.300000,65.200000,24239,22.779599
San Antonio:-21.400000,58.100000,24458,20.797432
Tamanrasset:-15.100000,64.600000,24271,21.781496
Yerevan:-26.200000,56.000000,24485,12.324444
Niamey:-13.300000,73.500000,24146,29.199615
Riyadh:-13.600000,67.400000,24261,25.976122
Flores,  Petén:-15.100000,64.700000,24197,26.429863
Lubumbashi:-17.400000,65.200000,24352,20.755080
Shanghai:-22.500000,54.000000,24330,16.699716
Wellington:-27.300000,52.400000,24229,12.898428
Memphis:-21.100000,54.100000,24212,17.203932
Sochi:-25.400000,54.500000,24352,14.136046
New Orleans:-17.100000,59.100000,24131,20.725345
Gaborone:-18.800000,59.900000,24072,20.957253
Bergen:-33.800000,54.000000,24140,7.626781
Makurdi:-13.500000,65.400000,24179,25.972054
Harare:-25.300000,63.200000,24207,18.407568
St. Louis:-25.300000,51.900000,24083,13.963011
Vientiane:-17.800000,65.900000,24211,25.905064
Minneapolis:-39.500000,48.900000,24071,7.720805
Christchurch:-31.300000,52.700000,23953,12.257133
Charlotte:-33.800000,52.400000,24275,16.054698
Minsk:-35.700000,46.900000,24119,6.808417
Harbin:-34.300000,44.400000,24226,4.969256
Cotonou:-13.900000,64.800000,24079,27.245621
Kampala:-19.300000,60.100000,24306,20.136045
Taipei:-24.700000,57.900000,24366,22.972802
Port Moresby:-10.600000,70.000000,24199,26.899033
Abéché:-9.900000,65.700000,24245,29.275628
Wichita:-29.400000,57.500000,24496,13.930242
Ifrane:-27.300000,54.500000,24355,11.363272
San José:-17.700000,62.200000,24303,22.567987
Baltimore:-28.400000,58.000000,23910,13.282505
Madrid:-28.700000,54.000000,24297,14.964424
Bulawayo:-18.700000,55.400000,24537,18.972531
Montreal:-31.600000,48.700000,23966,6.717658
Alice Springs:-22.700000,61.200000,23939,21.128886
Bilbao:-27.700000,54.300000,24277,14.702010
Beirut:-20.300000,61.700000,24262,20.838575
La Ceiba:-11.800000,65.900000,24161,26.235917
Niigata:-27.400000,53.300000,24361,13.880485
Changsha:-23.100000,60.000000,24021,17.348791
Dunedin:-29.000000,53.000000,24092,11.208609
Saskatoon:-35.300000,51.600000,24331,3.272829
Bangkok:-22.100000,68.900000,23962,28.612048
Hanga Roa:-22.000000,64.500000,24246,20.611812
Ndola:-19.600000,64.700000,24032,20.263923
Palembang:-9.300000,71.900000,24261,27.448778
Kyoto:-24.000000,56.200000,24008,15.752041
Yinchuan:-31.900000,47.800000,23953,9.095299
Baghdad:-15.100000,71.000000,24473,22.840551
Singapore:-14.700000,69.600000,23993,27.057333
Praia:-17.700000,67.400000,24323,24.453299
Istanbul:-26.000000,55.100000,23967,13.980160
Dhaka:-16.500000,65.600000,24534,25.896914
Jerusalem:-19.900000,61.900000,24061,18.289078
Palermo:-24.300000,59.300000,24039,18.442061
Bata:-12.400000,71.000000,24105,25.005459
